# Data from SSDC cosmic rays database www.ssdc.asi.it 
# File generated today 20220826 
# Errors may contain statistic and systematic depending on the options set when drawing the graph 
# Fluxes are multiplied by a power of Energy (or Rigidity) if the option is set when drawing the graph 
# Horizontal errors usually are not uncertanties of the measurement but correspond to binning. See publication. 
#
# GraphTitle: Fe AMS-02 PRL (2021); 2011-05-19 00:00:00.0,2019-11-01 00:00:00.0; 
# XLabel: rigidity (GV) 
# YLabel: flux ((m^{2} s sr GeV)^{-1}) 
#
# Columns: X, XErrorLow, XErrorHigh, Y, YErrorLow, YErrorHigh 
2.810000e+00  0.000000e+00 0.000000e+00  9.350000e-02  5.766012e-03 5.766012e-03 
3.130000e+00  0.000000e+00 0.000000e+00  8.390000e-02  4.409671e-03 4.409671e-03 
3.465000e+00  0.000000e+00 0.000000e+00  7.460000e-02  3.599236e-03 3.599236e-03 
3.830000e+00  0.000000e+00 0.000000e+00  6.580000e-02  3.033562e-03 3.033562e-03 
4.225000e+00  0.000000e+00 0.000000e+00  5.900000e-02  2.647414e-03 2.647414e-03 
4.655000e+00  0.000000e+00 0.000000e+00  5.090000e-02  2.231636e-03 2.231636e-03 
5.125000e+00  0.000000e+00 0.000000e+00  4.390000e-02  1.896549e-03 1.896549e-03 
5.635000e+00  0.000000e+00 0.000000e+00  3.810000e-02  1.634870e-03 1.634870e-03 
6.185000e+00  0.000000e+00 0.000000e+00  3.260000e-02  1.393018e-03 1.393018e-03 
6.780000e+00  0.000000e+00 0.000000e+00  2.800000e-02  1.190798e-03 1.190798e-03 
7.425000e+00  0.000000e+00 0.000000e+00  2.330000e-02  9.885848e-04 9.885848e-04 
8.120000e+00  0.000000e+00 0.000000e+00  1.970000e-02  8.372574e-04 8.372574e-04 
8.870000e+00  0.000000e+00 0.000000e+00  1.660000e-02  7.057620e-04 7.057620e-04 
9.680000e+00  0.000000e+00 0.000000e+00  1.400000e-02  5.953990e-04 5.953990e-04 
1.055000e+01  0.000000e+00 0.000000e+00  1.170000e-02  4.949747e-04 4.949747e-04 
1.150000e+01  0.000000e+00 0.000000e+00  9.880000e-03  4.199059e-04 4.199059e-04 
1.250000e+01  0.000000e+00 0.000000e+00  8.150000e-03  3.478692e-04 3.478692e-04 
1.355000e+01  0.000000e+00 0.000000e+00  6.980000e-03  2.983907e-04 2.983907e-04 
1.470000e+01  0.000000e+00 0.000000e+00  5.750000e-03  2.461483e-04 2.461483e-04 
1.595000e+01  0.000000e+00 0.000000e+00  4.820000e-03  2.076945e-04 2.076945e-04 
1.730000e+01  0.000000e+00 0.000000e+00  4.080000e-03  1.763094e-04 1.763094e-04 
1.875000e+01  0.000000e+00 0.000000e+00  3.360000e-03  1.451344e-04 1.451344e-04 
2.030000e+01  0.000000e+00 0.000000e+00  2.840000e-03  1.237619e-04 1.237619e-04 
2.195000e+01  0.000000e+00 0.000000e+00  2.370000e-03  1.033683e-04 1.033683e-04 
2.375000e+01  0.000000e+00 0.000000e+00  1.960000e-03  8.590693e-05 8.590693e-05 
2.570000e+01  0.000000e+00 0.000000e+00  1.650000e-03  7.180529e-05 7.180529e-05 
2.775000e+01  0.000000e+00 0.000000e+00  1.400000e-03  6.161169e-05 6.161169e-05 
3.115000e+01  0.000000e+00 0.000000e+00  1.070000e-03  4.609772e-05 4.609772e-05 
3.620000e+01  0.000000e+00 0.000000e+00  7.240000e-04  3.111736e-05 3.111736e-05 
4.200000e+01  0.000000e+00 0.000000e+00  5.070000e-04  2.188264e-05 2.188264e-05 
4.865000e+01  0.000000e+00 0.000000e+00  3.430000e-04  1.499133e-05 1.499133e-05 
5.625000e+01  0.000000e+00 0.000000e+00  2.490000e-04  1.100545e-05 1.100545e-05 
6.500000e+01  0.000000e+00 0.000000e+00  1.720000e-04  7.725283e-06 7.725283e-06 
7.510000e+01  0.000000e+00 0.000000e+00  1.190000e-04  5.423099e-06 5.423099e-06 
8.675000e+01  0.000000e+00 0.000000e+00  8.140000e-05  3.792888e-06 3.792888e-06 
1.005000e+02  0.000000e+00 0.000000e+00  5.490000e-05  2.617059e-06 2.617059e-06 
1.165000e+02  0.000000e+00 0.000000e+00  3.630000e-05  1.795689e-06 1.795689e-06 
1.360000e+02  0.000000e+00 0.000000e+00  2.400000e-05  1.220369e-06 1.220369e-06 
1.610000e+02  0.000000e+00 0.000000e+00  1.520000e-05  8.021222e-07 8.021222e-07 
1.930000e+02  0.000000e+00 0.000000e+00  9.930000e-06  5.435154e-07 5.435154e-07 
2.350000e+02  0.000000e+00 0.000000e+00  5.900000e-06  3.409179e-07 3.409179e-07 
2.945000e+02  0.000000e+00 0.000000e+00  3.360000e-06  2.037695e-07 2.037695e-07 
3.855000e+02  0.000000e+00 0.000000e+00  1.570000e-06  1.040048e-07 1.040048e-07 
5.505000e+02  0.000000e+00 0.000000e+00  6.570000e-07  4.728890e-08 4.728890e-08 
9.300000e+02  0.000000e+00 0.000000e+00  1.710000e-07  1.543114e-08 1.543114e-08 
2.100000e+03  0.000000e+00 0.000000e+00  2.060000e-08  6.220096e-09 6.220096e-09 
