# Data from SSDC cosmic rays database www.ssdc.asi.it 
# File generated today 20210412 
# Errors may contain statistic and systematic depending on the options set when drawing the graph 
# Fluxes are multiplied by a power of Energy (or Rigidity) if the option is set when drawing the graph 
# Horizontal errors usually are not uncertanties of the measurement but correspond to binning. See publication. 
#
# GraphTitle: He AMS-02 PRL (2017); 2011-05-19 00:00:00.0,2016-05-26 00:00:00.0; 
# XLabel: rigidity (GV) 
# YLabel: flux ((m^{2} s sr GV)^{-1}) 
#
# Columns: X, XErrorLow, XErrorHigh, Y, YErrorLow, YErrorHigh 
2.035000e+00  0.000000e+00 0.000000e+00  5.968000e+01  1.358820e+00 1.358820e+00 
2.275000e+00  0.000000e+00 0.000000e+00  5.572000e+01  8.879346e-01 8.879346e-01 
2.535000e+00  0.000000e+00 0.000000e+00  5.050000e+01  7.140495e-01 7.140495e-01 
2.820000e+00  0.000000e+00 0.000000e+00  4.561000e+01  6.155093e-01 6.155093e-01 
3.130000e+00  0.000000e+00 0.000000e+00  4.066000e+01  5.455934e-01 5.455934e-01 
3.465000e+00  0.000000e+00 0.000000e+00  3.565000e+01  4.849618e-01 4.849618e-01 
3.830000e+00  0.000000e+00 0.000000e+00  3.085000e+01  4.270816e-01 4.270816e-01 
4.225000e+00  0.000000e+00 0.000000e+00  2.640000e+01  3.705136e-01 3.705136e-01 
4.655000e+00  0.000000e+00 0.000000e+00  2.233000e+01  3.156421e-01 3.156421e-01 
5.125000e+00  0.000000e+00 0.000000e+00  1.870000e+01  2.641888e-01 2.641888e-01 
5.635000e+00  0.000000e+00 0.000000e+00  1.552000e+01  2.179588e-01 2.179588e-01 
6.185000e+00  0.000000e+00 0.000000e+00  1.282000e+01  1.782351e-01 1.782351e-01 
6.780000e+00  0.000000e+00 0.000000e+00  1.054000e+01  1.448123e-01 1.448123e-01 
7.425000e+00  0.000000e+00 0.000000e+00  8.633000e+00  1.170940e-01 1.170940e-01 
8.120000e+00  0.000000e+00 0.000000e+00  7.068000e+00  9.470955e-02 9.470955e-02 
8.870000e+00  0.000000e+00 0.000000e+00  5.770000e+00  7.655838e-02 7.655838e-02 
9.680000e+00  0.000000e+00 0.000000e+00  4.716000e+00  6.212090e-02 6.212090e-02 
1.055000e+01  0.000000e+00 0.000000e+00  3.842000e+00  5.037531e-02 5.037531e-02 
1.150000e+01  0.000000e+00 0.000000e+00  3.121000e+00  4.082857e-02 4.082857e-02 
1.250000e+01  0.000000e+00 0.000000e+00  2.550000e+00  3.333734e-02 3.333734e-02 
1.355000e+01  0.000000e+00 0.000000e+00  2.086000e+00  2.729186e-02 2.729186e-02 
1.470000e+01  0.000000e+00 0.000000e+00  1.701000e+00  2.229717e-02 2.229717e-02 
1.595000e+01  0.000000e+00 0.000000e+00  1.386000e+00  1.819298e-02 1.819298e-02 
1.730000e+01  0.000000e+00 0.000000e+00  1.125000e+00  1.480917e-02 1.480917e-02 
1.875000e+01  0.000000e+00 0.000000e+00  9.151000e-01  1.208567e-02 1.208567e-02 
2.030000e+01  0.000000e+00 0.000000e+00  7.423000e-01  9.831293e-03 9.831293e-03 
2.195000e+01  0.000000e+00 0.000000e+00  6.047000e-01  8.036022e-03 8.036022e-03 
2.375000e+01  0.000000e+00 0.000000e+00  4.925000e-01  6.565522e-03 6.565522e-03 
2.570000e+01  0.000000e+00 0.000000e+00  3.996000e-01  5.347554e-03 5.347554e-03 
2.775000e+01  0.000000e+00 0.000000e+00  3.263000e-01  4.381884e-03 4.381884e-03 
2.995000e+01  0.000000e+00 0.000000e+00  2.662000e-01  3.589260e-03 3.589260e-03 
3.230000e+01  0.000000e+00 0.000000e+00  2.174000e-01  2.941443e-03 2.941443e-03 
3.480000e+01  0.000000e+00 0.000000e+00  1.780000e-01  2.419456e-03 2.419456e-03 
3.750000e+01  0.000000e+00 0.000000e+00  1.457000e-01  1.987701e-03 1.987701e-03 
4.040000e+01  0.000000e+00 0.000000e+00  1.189000e-01  1.629135e-03 1.629135e-03 
4.350000e+01  0.000000e+00 0.000000e+00  9.732000e-02  1.338633e-03 1.338633e-03 
4.680000e+01  0.000000e+00 0.000000e+00  8.010000e-02  1.106194e-03 1.106194e-03 
5.035000e+01  0.000000e+00 0.000000e+00  6.536000e-02  9.059476e-04 9.059476e-04 
5.415000e+01  0.000000e+00 0.000000e+00  5.380000e-02  7.486141e-04 7.486141e-04 
5.820000e+01  0.000000e+00 0.000000e+00  4.423000e-02  6.175946e-04 6.175946e-04 
6.255000e+01  0.000000e+00 0.000000e+00  3.633000e-02  5.092310e-04 5.092310e-04 
6.725000e+01  0.000000e+00 0.000000e+00  2.986000e-02  4.200276e-04 4.200276e-04 
7.230000e+01  0.000000e+00 0.000000e+00  2.458000e-02  3.469570e-04 3.469570e-04 
7.770000e+01  0.000000e+00 0.000000e+00  2.020000e-02  2.862513e-04 2.862513e-04 
8.350000e+01  0.000000e+00 0.000000e+00  1.656000e-02  2.354873e-04 2.354873e-04 
8.975000e+01  0.000000e+00 0.000000e+00  1.362000e-02  1.946073e-04 1.946073e-04 
9.650000e+01  0.000000e+00 0.000000e+00  1.125000e-02  1.613680e-04 1.613680e-04 
1.040000e+02  0.000000e+00 0.000000e+00  9.169000e-03  1.320988e-04 1.320988e-04 
1.120000e+02  0.000000e+00 0.000000e+00  7.470000e-03  1.084719e-04 1.084719e-04 
1.205000e+02  0.000000e+00 0.000000e+00  6.092000e-03  8.908267e-05 8.908267e-05 
1.300000e+02  0.000000e+00 0.000000e+00  4.957000e-03  7.310939e-05 7.310939e-05 
1.410000e+02  0.000000e+00 0.000000e+00  3.961000e-03  5.895968e-05 5.895968e-05 
1.535000e+02  0.000000e+00 0.000000e+00  3.146000e-03  4.750578e-05 4.750578e-05 
1.675000e+02  0.000000e+00 0.000000e+00  2.489000e-03  3.815905e-05 3.815905e-05 
1.835000e+02  0.000000e+00 0.000000e+00  1.929000e-03  3.013741e-05 3.013741e-05 
2.015000e+02  0.000000e+00 0.000000e+00  1.504000e-03  2.402800e-05 2.402800e-05 
2.220000e+02  0.000000e+00 0.000000e+00  1.146000e-03  1.877588e-05 1.877588e-05 
2.460000e+02  0.000000e+00 0.000000e+00  8.721000e-04  1.471188e-05 1.471188e-05 
2.750000e+02  0.000000e+00 0.000000e+00  6.453000e-04  1.127967e-05 1.127967e-05 
3.105000e+02  0.000000e+00 0.000000e+00  4.673000e-04  8.541733e-06 8.541733e-06 
3.545000e+02  0.000000e+00 0.000000e+00  3.299000e-04  6.370159e-06 6.370159e-06 
4.100000e+02  0.000000e+00 0.000000e+00  2.221000e-04  4.593254e-06 4.593254e-06 
4.830000e+02  0.000000e+00 0.000000e+00  1.445000e-04  3.246734e-06 3.246734e-06 
5.840000e+02  0.000000e+00 0.000000e+00  8.890000e-05  2.225905e-06 2.225905e-06 
7.325000e+02  0.000000e+00 0.000000e+00  4.856000e-05  1.404345e-06 1.404345e-06 
9.760000e+02  0.000000e+00 0.000000e+00  2.368000e-05  8.377741e-07 8.377741e-07 
1.465000e+03  0.000000e+00 0.000000e+00  8.542000e-06  4.210995e-07 4.210995e-07 
2.400000e+03  0.000000e+00 0.000000e+00  2.463000e-06  1.961070e-07 1.961070e-07 
