# Data from SSDC cosmic rays database www.ssdc.asi.it 
# File generated today 20230830 
# Errors may contain statistic and systematic depending on the options set when drawing the graph 
# Fluxes are multiplied by a power of Energy (or Rigidity) if the option is set when drawing the graph 
# Horizontal errors usually are not uncertanties of the measurement but correspond to binning. See publication. 
#
# GraphTitle: e+/[(e-)+(e+)] AMS-02 PRL (2013); 2011-05-19,2012-12-10; 
# XLabel: kinetic energy (GeV) 
# YLabel: fluxratio 
#
# Columns: X, XErrorLow, XErrorHigh, Y, YErrorLow, YErrorHigh 
5.750000e-01  0.000000e+00 0.000000e+00  9.470000e-02  4.049691e-03 4.049691e-03 
7.300000e-01  0.000000e+00 0.000000e+00  9.190000e-02  2.483948e-03 2.483948e-03 
9.050000e-01  0.000000e+00 0.000000e+00  9.020000e-02  2.024846e-03 2.024846e-03 
1.105000e+00  0.000000e+00 0.000000e+00  8.420000e-02  1.612452e-03 1.612452e-03 
1.330000e+00  0.000000e+00 0.000000e+00  7.830000e-02  1.303840e-03 1.303840e-03 
1.575000e+00  0.000000e+00 0.000000e+00  7.350000e-02  1.000000e-03 1.000000e-03 
1.835000e+00  0.000000e+00 0.000000e+00  6.850000e-02  8.602325e-04 8.602325e-04 
2.125000e+00  0.000000e+00 0.000000e+00  6.420000e-02  7.211103e-04 7.211103e-04 
2.440000e+00  0.000000e+00 0.000000e+00  6.050000e-02  7.211103e-04 7.211103e-04 
2.770000e+00  0.000000e+00 0.000000e+00  5.830000e-02  7.211103e-04 7.211103e-04 
3.120000e+00  0.000000e+00 0.000000e+00  5.680000e-02  6.403124e-04 6.403124e-04 
3.500000e+00  0.000000e+00 0.000000e+00  5.500000e-02  5.656854e-04 5.656854e-04 
3.905000e+00  0.000000e+00 0.000000e+00  5.410000e-02  5.000000e-04 5.000000e-04 
4.325000e+00  0.000000e+00 0.000000e+00  5.330000e-02  5.000000e-04 5.000000e-04 
4.770000e+00  0.000000e+00 0.000000e+00  5.190000e-02  5.000000e-04 5.000000e-04 
5.250000e+00  0.000000e+00 0.000000e+00  5.120000e-02  5.000000e-04 5.000000e-04 
5.750000e+00  0.000000e+00 0.000000e+00  5.080000e-02  4.472136e-04 4.472136e-04 
6.280000e+00  0.000000e+00 0.000000e+00  5.010000e-02  4.472136e-04 4.472136e-04 
6.860000e+00  0.000000e+00 0.000000e+00  5.100000e-02  4.472136e-04 4.472136e-04 
7.480000e+00  0.000000e+00 0.000000e+00  5.040000e-02  5.385165e-04 5.385165e-04 
8.150000e+00  0.000000e+00 0.000000e+00  5.130000e-02  5.385165e-04 5.385165e-04 
8.855000e+00  0.000000e+00 0.000000e+00  5.100000e-02  5.385165e-04 5.385165e-04 
9.580000e+00  0.000000e+00 0.000000e+00  5.150000e-02  6.324555e-04 6.324555e-04 
1.034000e+01  0.000000e+00 0.000000e+00  5.190000e-02  6.324555e-04 6.324555e-04 
1.113500e+01  0.000000e+00 0.000000e+00  5.280000e-02  7.280110e-04 7.280110e-04 
1.196500e+01  0.000000e+00 0.000000e+00  5.350000e-02  7.280110e-04 7.280110e-04 
1.283000e+01  0.000000e+00 0.000000e+00  5.490000e-02  8.246211e-04 8.246211e-04 
1.373000e+01  0.000000e+00 0.000000e+00  5.510000e-02  8.246211e-04 8.246211e-04 
1.467000e+01  0.000000e+00 0.000000e+00  5.430000e-02  9.219544e-04 9.219544e-04 
1.565000e+01  0.000000e+00 0.000000e+00  5.560000e-02  1.019804e-03 1.019804e-03 
1.666500e+01  0.000000e+00 0.000000e+00  5.830000e-02  1.140175e-03 1.140175e-03 
1.771500e+01  0.000000e+00 0.000000e+00  5.860000e-02  1.140175e-03 1.140175e-03 
1.881000e+01  0.000000e+00 0.000000e+00  5.920000e-02  1.236932e-03 1.236932e-03 
1.995500e+01  0.000000e+00 0.000000e+00  6.340000e-02  1.334166e-03 1.334166e-03 
2.115000e+01  0.000000e+00 0.000000e+00  6.180000e-02  1.431782e-03 1.431782e-03 
2.241500e+01  0.000000e+00 0.000000e+00  6.530000e-02  1.529706e-03 1.529706e-03 
2.376000e+01  0.000000e+00 0.000000e+00  6.510000e-02  1.627882e-03 1.627882e-03 
2.516000e+01  0.000000e+00 0.000000e+00  6.570000e-02  1.627882e-03 1.627882e-03 
2.660500e+01  0.000000e+00 0.000000e+00  6.680000e-02  1.824829e-03 1.824829e-03 
2.810500e+01  0.000000e+00 0.000000e+00  6.940000e-02  2.022375e-03 2.022375e-03 
2.966000e+01  0.000000e+00 0.000000e+00  7.100000e-02  2.137756e-03 2.137756e-03 
3.127500e+01  0.000000e+00 0.000000e+00  7.010000e-02  2.236068e-03 2.236068e-03 
3.295000e+01  0.000000e+00 0.000000e+00  7.070000e-02  2.451530e-03 2.451530e-03 
3.468500e+01  0.000000e+00 0.000000e+00  7.180000e-02  2.647640e-03 2.647640e-03 
3.648500e+01  0.000000e+00 0.000000e+00  7.470000e-02  2.745906e-03 2.745906e-03 
3.870000e+01  0.000000e+00 0.000000e+00  7.940000e-02  2.668333e-03 2.668333e-03 
4.169500e+01  0.000000e+00 0.000000e+00  8.020000e-02  2.692582e-03 2.692582e-03 
4.520000e+01  0.000000e+00 0.000000e+00  8.170000e-02  2.983287e-03 2.983287e-03 
4.894000e+01  0.000000e+00 0.000000e+00  8.560000e-02  3.298485e-03 3.298485e-03 
5.292500e+01  0.000000e+00 0.000000e+00  8.910000e-02  3.883298e-03 3.883298e-03 
5.717000e+01  0.000000e+00 0.000000e+00  9.570000e-02  4.220190e-03 4.220190e-03 
6.169500e+01  0.000000e+00 0.000000e+00  9.620000e-02  4.827007e-03 4.827007e-03 
6.651500e+01  0.000000e+00 0.000000e+00  9.780000e-02  5.166237e-03 5.166237e-03 
7.165000e+01  0.000000e+00 0.000000e+00  1.032000e-01  5.869412e-03 5.869412e-03 
7.715000e+01  0.000000e+00 0.000000e+00  9.850000e-02  6.356099e-03 6.356099e-03 
8.300000e+01  0.000000e+00 0.000000e+00  1.023000e-01  6.844706e-03 6.844706e-03 
8.925000e+01  0.000000e+00 0.000000e+00  1.120000e-01  7.648529e-03 7.648529e-03 
9.625000e+01  0.000000e+00 0.000000e+00  1.189000e-01  8.276473e-03 8.276473e-03 
1.075500e+02  0.000000e+00 0.000000e+00  1.118000e-01  6.957011e-03 6.957011e-03 
1.236000e+02  0.000000e+00 0.000000e+00  1.142000e-01  8.443341e-03 8.443341e-03 
1.418000e+02  0.000000e+00 0.000000e+00  1.215000e-01  1.049952e-02 1.049952e-02 
1.625000e+02  0.000000e+00 0.000000e+00  1.364000e-01  1.317004e-02 1.317004e-02 
1.897500e+02  0.000000e+00 0.000000e+00  1.485000e-01  1.459075e-02 1.459075e-02 
2.330000e+02  0.000000e+00 0.000000e+00  1.530000e-01  1.892115e-02 1.892115e-02 
3.050000e+02  0.000000e+00 0.000000e+00  1.550000e-01  2.512051e-02 2.512051e-02 
