# Data from SSDC cosmic rays database www.ssdc.asi.it 
# File generated today 20220826 
# Errors may contain statistic and systematic depending on the options set when drawing the graph 
# Fluxes are multiplied by a power of Energy (or Rigidity) if the option is set when drawing the graph 
# Horizontal errors usually are not uncertanties of the measurement but correspond to binning. See publication. 
#
# GraphTitle: Li AMS-02 Physics Reports (2021); 2011-05-19 00:00:00.0,2018-05-28 00:00:00.0; 
# XLabel: rigidity (GV) 
# YLabel: flux ((m^{2} s sr GV)^{-1}) 
#
# Columns: X, XErrorLow, XErrorHigh, Y, YErrorLow, YErrorHigh 
2.035000e+00  0.000000e+00 0.000000e+00  2.827000e-01  9.009439e-03 9.009439e-03 
2.275000e+00  0.000000e+00 0.000000e+00  2.863000e-01  8.287340e-03 8.287340e-03 
2.535000e+00  0.000000e+00 0.000000e+00  2.835000e-01  7.877182e-03 7.877182e-03 
2.820000e+00  0.000000e+00 0.000000e+00  2.725000e-01  7.355270e-03 7.355270e-03 
3.130000e+00  0.000000e+00 0.000000e+00  2.524000e-01  6.747592e-03 6.747592e-03 
3.465000e+00  0.000000e+00 0.000000e+00  2.278000e-01  6.040695e-03 6.040695e-03 
3.830000e+00  0.000000e+00 0.000000e+00  1.996000e-01  5.234501e-03 5.234501e-03 
4.225000e+00  0.000000e+00 0.000000e+00  1.737000e-01  4.527693e-03 4.527693e-03 
4.655000e+00  0.000000e+00 0.000000e+00  1.484000e-01  3.920459e-03 3.920459e-03 
5.125000e+00  0.000000e+00 0.000000e+00  1.252000e-01  3.313608e-03 3.313608e-03 
5.635000e+00  0.000000e+00 0.000000e+00  1.049000e-01  2.716616e-03 2.716616e-03 
6.185000e+00  0.000000e+00 0.000000e+00  8.656000e-02  2.271673e-03 2.271673e-03 
6.780000e+00  0.000000e+00 0.000000e+00  7.115000e-02  1.869679e-03 1.869679e-03 
7.425000e+00  0.000000e+00 0.000000e+00  5.818000e-02  1.528398e-03 1.528398e-03 
8.120000e+00  0.000000e+00 0.000000e+00  4.703000e-02  1.236851e-03 1.236851e-03 
8.870000e+00  0.000000e+00 0.000000e+00  3.806000e-02  1.006032e-03 1.006032e-03 
9.680000e+00  0.000000e+00 0.000000e+00  3.070000e-02  8.149847e-04 8.149847e-04 
1.055000e+01  0.000000e+00 0.000000e+00  2.447000e-02  6.449806e-04 6.449806e-04 
1.150000e+01  0.000000e+00 0.000000e+00  1.953000e-02  5.234501e-04 5.234501e-04 
1.250000e+01  0.000000e+00 0.000000e+00  1.571000e-02  4.143670e-04 4.143670e-04 
1.355000e+01  0.000000e+00 0.000000e+00  1.263000e-02  3.337664e-04 3.337664e-04 
1.470000e+01  0.000000e+00 0.000000e+00  1.010000e-02  2.729469e-04 2.729469e-04 
1.595000e+01  0.000000e+00 0.000000e+00  8.063000e-03  2.165294e-04 2.165294e-04 
1.730000e+01  0.000000e+00 0.000000e+00  6.394000e-03  1.722905e-04 1.722905e-04 
1.875000e+01  0.000000e+00 0.000000e+00  5.101000e-03  1.369452e-04 1.369452e-04 
2.030000e+01  0.000000e+00 0.000000e+00  4.043000e-03  1.086738e-04 1.086738e-04 
2.195000e+01  0.000000e+00 0.000000e+00  3.220000e-03  8.747571e-05 8.747571e-05 
2.375000e+01  0.000000e+00 0.000000e+00  2.585000e-03  7.021396e-05 7.021396e-05 
2.570000e+01  0.000000e+00 0.000000e+00  2.046000e-03  5.510898e-05 5.510898e-05 
2.775000e+01  0.000000e+00 0.000000e+00  1.624000e-03  4.393177e-05 4.393177e-05 
2.995000e+01  0.000000e+00 0.000000e+00  1.299000e-03  3.569314e-05 3.569314e-05 
3.230000e+01  0.000000e+00 0.000000e+00  1.034000e-03  2.863564e-05 2.863564e-05 
3.480000e+01  0.000000e+00 0.000000e+00  8.206000e-04  2.255593e-05 2.255593e-05 
3.750000e+01  0.000000e+00 0.000000e+00  6.546000e-04  1.809447e-05 1.809447e-05 
4.040000e+01  0.000000e+00 0.000000e+00  5.249000e-04  1.465640e-05 1.465640e-05 
4.350000e+01  0.000000e+00 0.000000e+00  4.139000e-04  1.160905e-05 1.160905e-05 
4.680000e+01  0.000000e+00 0.000000e+00  3.421000e-04  9.676776e-06 9.676776e-06 
5.035000e+01  0.000000e+00 0.000000e+00  2.639000e-04  7.527284e-06 7.527284e-06 
5.415000e+01  0.000000e+00 0.000000e+00  2.122000e-04  6.203225e-06 6.203225e-06 
5.820000e+01  0.000000e+00 0.000000e+00  1.680000e-04  4.976947e-06 4.976947e-06 
6.255000e+01  0.000000e+00 0.000000e+00  1.355000e-04  4.031129e-06 4.031129e-06 
6.725000e+01  0.000000e+00 0.000000e+00  1.071000e-04  3.220248e-06 3.220248e-06 
7.230000e+01  0.000000e+00 0.000000e+00  8.747000e-05  2.701203e-06 2.701203e-06 
7.770000e+01  0.000000e+00 0.000000e+00  6.701000e-05  2.126147e-06 2.126147e-06 
8.350000e+01  0.000000e+00 0.000000e+00  5.409000e-05  1.752769e-06 1.752769e-06 
8.975000e+01  0.000000e+00 0.000000e+00  4.382000e-05  1.451137e-06 1.451137e-06 
9.650000e+01  0.000000e+00 0.000000e+00  3.441000e-05  1.173243e-06 1.173243e-06 
1.040000e+02  0.000000e+00 0.000000e+00  2.708000e-05  9.404786e-07 9.404786e-07 
1.120000e+02  0.000000e+00 0.000000e+00  2.066000e-05  7.605919e-07 7.605919e-07 
1.205000e+02  0.000000e+00 0.000000e+00  1.615000e-05  6.171710e-07 6.171710e-07 
1.300000e+02  0.000000e+00 0.000000e+00  1.329000e-05  5.173973e-07 5.173973e-07 
1.410000e+02  0.000000e+00 0.000000e+00  1.038000e-05  4.110961e-07 4.110961e-07 
1.535000e+02  0.000000e+00 0.000000e+00  8.249000e-06  3.402426e-07 3.402426e-07 
1.675000e+02  0.000000e+00 0.000000e+00  6.182000e-06  2.658721e-07 2.658721e-07 
1.835000e+02  0.000000e+00 0.000000e+00  4.659000e-06  2.107937e-07 2.107937e-07 
2.015000e+02  0.000000e+00 0.000000e+00  3.554000e-06  1.692483e-07 1.692483e-07 
2.220000e+02  0.000000e+00 0.000000e+00  2.571000e-06  1.298345e-07 1.298345e-07 
2.460000e+02  0.000000e+00 0.000000e+00  2.009000e-06  1.057592e-07 1.057592e-07 
2.750000e+02  0.000000e+00 0.000000e+00  1.298000e-06  7.402702e-08 7.402702e-08 
3.105000e+02  0.000000e+00 0.000000e+00  9.327000e-07  5.626411e-08 5.626411e-08 
3.545000e+02  0.000000e+00 0.000000e+00  6.826000e-07  4.302860e-08 4.302860e-08 
4.100000e+02  0.000000e+00 0.000000e+00  4.744000e-07  3.203155e-08 3.203155e-08 
4.830000e+02  0.000000e+00 0.000000e+00  2.563000e-07  1.978004e-08 1.978004e-08 
5.925000e+02  0.000000e+00 0.000000e+00  1.525000e-07  1.256065e-08 1.256065e-08 
7.700000e+02  0.000000e+00 0.000000e+00  7.418000e-08  7.147377e-09 7.147377e-09 
1.090000e+03  0.000000e+00 0.000000e+00  2.787000e-08  3.388289e-09 3.388289e-09 
2.300000e+03  0.000000e+00 0.000000e+00  5.750000e-09  1.197080e-09 1.197080e-09 
