# Data from SSDC cosmic rays database www.ssdc.asi.it 
# File generated today 20220826 
# Errors may contain statistic and systematic depending on the options set when drawing the graph 
# Fluxes are multiplied by a power of Energy (or Rigidity) if the option is set when drawing the graph 
# Horizontal errors usually are not uncertanties of the measurement but correspond to binning. See publication. 
#
# GraphTitle: Be AMS-02 Physics Reports (2021); 2011-05-19 00:00:00.0,2018-05-28 00:00:00.0; 
# XLabel: rigidity (GV) 
# YLabel: flux ((m^{2} s sr GV)^{-1}) 
#
# Columns: X, XErrorLow, XErrorHigh, Y, YErrorLow, YErrorHigh 
2.035000e+00  0.000000e+00 0.000000e+00  1.572000e-01  5.393515e-03 5.393515e-03 
2.275000e+00  0.000000e+00 0.000000e+00  1.538000e-01  4.981967e-03 4.981967e-03 
2.535000e+00  0.000000e+00 0.000000e+00  1.437000e-01  4.570558e-03 4.570558e-03 
2.820000e+00  0.000000e+00 0.000000e+00  1.337000e-01  4.060788e-03 4.060788e-03 
3.130000e+00  0.000000e+00 0.000000e+00  1.241000e-01  3.649658e-03 3.649658e-03 
3.465000e+00  0.000000e+00 0.000000e+00  1.100000e-01  3.238827e-03 3.238827e-03 
3.830000e+00  0.000000e+00 0.000000e+00  9.659000e-02  2.772003e-03 2.772003e-03 
4.225000e+00  0.000000e+00 0.000000e+00  8.316000e-02  2.356141e-03 2.356141e-03 
4.655000e+00  0.000000e+00 0.000000e+00  7.078000e-02  1.991231e-03 1.991231e-03 
5.125000e+00  0.000000e+00 0.000000e+00  5.986000e-02  1.665953e-03 1.665953e-03 
5.635000e+00  0.000000e+00 0.000000e+00  4.945000e-02  1.373208e-03 1.373208e-03 
6.185000e+00  0.000000e+00 0.000000e+00  4.082000e-02  1.131371e-03 1.131371e-03 
6.780000e+00  0.000000e+00 0.000000e+00  3.336000e-02  9.291394e-04 9.291394e-04 
7.425000e+00  0.000000e+00 0.000000e+00  2.702000e-02  7.481310e-04 7.481310e-04 
8.120000e+00  0.000000e+00 0.000000e+00  2.169000e-02  6.067125e-04 6.067125e-04 
8.870000e+00  0.000000e+00 0.000000e+00  1.765000e-02  4.850773e-04 4.850773e-04 
9.680000e+00  0.000000e+00 0.000000e+00  1.422000e-02  3.945884e-04 3.945884e-04 
1.055000e+01  0.000000e+00 0.000000e+00  1.141000e-02  3.140064e-04 3.140064e-04 
1.150000e+01  0.000000e+00 0.000000e+00  9.017000e-03  2.517002e-04 2.517002e-04 
1.250000e+01  0.000000e+00 0.000000e+00  7.382000e-03  2.065260e-04 2.065260e-04 
1.355000e+01  0.000000e+00 0.000000e+00  5.935000e-03  1.670928e-04 1.670928e-04 
1.470000e+01  0.000000e+00 0.000000e+00  4.752000e-03  1.337535e-04 1.337535e-04 
1.595000e+01  0.000000e+00 0.000000e+00  3.812000e-03  1.074895e-04 1.074895e-04 
1.730000e+01  0.000000e+00 0.000000e+00  3.094000e-03  8.709765e-05 8.709765e-05 
1.875000e+01  0.000000e+00 0.000000e+00  2.425000e-03  6.888396e-05 6.888396e-05 
2.030000e+01  0.000000e+00 0.000000e+00  1.960000e-03  5.554278e-05 5.554278e-05 
2.195000e+01  0.000000e+00 0.000000e+00  1.563000e-03  4.438468e-05 4.438468e-05 
2.375000e+01  0.000000e+00 0.000000e+00  1.247000e-03  3.613862e-05 3.613862e-05 
2.570000e+01  0.000000e+00 0.000000e+00  9.884000e-04  2.860087e-05 2.860087e-05 
2.775000e+01  0.000000e+00 0.000000e+00  7.913000e-04  2.307661e-05 2.307661e-05 
2.995000e+01  0.000000e+00 0.000000e+00  6.324000e-04  1.854400e-05 1.854400e-05 
3.230000e+01  0.000000e+00 0.000000e+00  5.088000e-04  1.499133e-05 1.499133e-05 
3.480000e+01  0.000000e+00 0.000000e+00  4.066000e-04  1.211156e-05 1.211156e-05 
3.750000e+01  0.000000e+00 0.000000e+00  3.260000e-04  9.868131e-06 9.868131e-06 
4.040000e+01  0.000000e+00 0.000000e+00  2.643000e-04  8.005623e-06 8.005623e-06 
4.350000e+01  0.000000e+00 0.000000e+00  2.047000e-04  6.369458e-06 6.369458e-06 
4.680000e+01  0.000000e+00 0.000000e+00  1.674000e-04  5.239275e-06 5.239275e-06 
5.035000e+01  0.000000e+00 0.000000e+00  1.311000e-04  4.204759e-06 4.204759e-06 
5.415000e+01  0.000000e+00 0.000000e+00  1.074000e-04  3.488553e-06 3.488553e-06 
5.820000e+01  0.000000e+00 0.000000e+00  8.526000e-05  2.854768e-06 2.854768e-06 
6.255000e+01  0.000000e+00 0.000000e+00  6.956000e-05  2.379012e-06 2.379012e-06 
6.725000e+01  0.000000e+00 0.000000e+00  5.299000e-05  1.873019e-06 1.873019e-06 
7.230000e+01  0.000000e+00 0.000000e+00  4.453000e-05  1.603122e-06 1.603122e-06 
7.770000e+01  0.000000e+00 0.000000e+00  3.469000e-05  1.306675e-06 1.306675e-06 
8.350000e+01  0.000000e+00 0.000000e+00  2.865000e-05  1.100000e-06 1.100000e-06 
8.975000e+01  0.000000e+00 0.000000e+00  2.261000e-05  8.964374e-07 8.964374e-07 
9.650000e+01  0.000000e+00 0.000000e+00  1.833000e-05  7.592760e-07 7.592760e-07 
1.040000e+02  0.000000e+00 0.000000e+00  1.403000e-05  6.020797e-07 6.020797e-07 
1.120000e+02  0.000000e+00 0.000000e+00  1.169000e-05  5.234501e-07 5.234501e-07 
1.205000e+02  0.000000e+00 0.000000e+00  9.145000e-06  4.270925e-07 4.270925e-07 
1.300000e+02  0.000000e+00 0.000000e+00  6.700000e-06  3.346775e-07 3.346775e-07 
1.410000e+02  0.000000e+00 0.000000e+00  5.474000e-06  2.745906e-07 2.745906e-07 
1.535000e+02  0.000000e+00 0.000000e+00  4.021000e-06  2.178004e-07 2.178004e-07 
1.675000e+02  0.000000e+00 0.000000e+00  3.408000e-06  1.859140e-07 1.859140e-07 
1.835000e+02  0.000000e+00 0.000000e+00  2.300000e-06  1.390144e-07 1.390144e-07 
2.015000e+02  0.000000e+00 0.000000e+00  1.713000e-06  1.102089e-07 1.102089e-07 
2.220000e+02  0.000000e+00 0.000000e+00  1.442000e-06  9.381365e-08 9.381365e-08 
2.460000e+02  0.000000e+00 0.000000e+00  9.505000e-07  6.817302e-08 6.817302e-08 
2.750000e+02  0.000000e+00 0.000000e+00  7.445000e-07  5.484022e-08 5.484022e-08 
3.105000e+02  0.000000e+00 0.000000e+00  4.686000e-07  3.855606e-08 3.855606e-08 
3.545000e+02  0.000000e+00 0.000000e+00  3.337000e-07  2.914961e-08 2.914961e-08 
4.100000e+02  0.000000e+00 0.000000e+00  2.325000e-07  2.163331e-08 2.163331e-08 
4.830000e+02  0.000000e+00 0.000000e+00  1.391000e-07  1.459075e-08 1.459075e-08 
5.925000e+02  0.000000e+00 0.000000e+00  8.464000e-08  9.478317e-09 9.478317e-09 
7.700000e+02  0.000000e+00 0.000000e+00  4.000000e-08  5.413252e-09 5.413252e-09 
1.090000e+03  0.000000e+00 0.000000e+00  1.296000e-08  2.383799e-09 2.383799e-09 
2.300000e+03  0.000000e+00 0.000000e+00  1.530000e-09  6.016644e-10 6.016644e-10 
