# Data from SSDC cosmic rays database www.ssdc.asi.it 
# File generated today 20220826 
# Errors may contain statistic and systematic depending on the options set when drawing the graph 
# Fluxes are multiplied by a power of Energy (or Rigidity) if the option is set when drawing the graph 
# Horizontal errors usually are not uncertanties of the measurement but correspond to binning. See publication. 
#
# GraphTitle: B AMS-02 Physics Reports (2021); 2011-05-19 00:00:00.0,2018-05-28 00:00:00.0; 
# XLabel: rigidity (GV) 
# YLabel: flux ((m^{2} s sr GV)^{-1}) 
#
# Columns: X, XErrorLow, XErrorHigh, Y, YErrorLow, YErrorHigh 
2.035000e+00  0.000000e+00 0.000000e+00  4.852000e-01  2.766532e-02 2.766532e-02 
2.275000e+00  0.000000e+00 0.000000e+00  4.845000e-01  2.455219e-02 2.455219e-02 
2.535000e+00  0.000000e+00 0.000000e+00  4.703000e-01  2.144575e-02 2.144575e-02 
2.820000e+00  0.000000e+00 0.000000e+00  4.352000e-01  1.794018e-02 1.794018e-02 
3.130000e+00  0.000000e+00 0.000000e+00  3.921000e-01  1.483375e-02 1.483375e-02 
3.465000e+00  0.000000e+00 0.000000e+00  3.468000e-01  1.213342e-02 1.213342e-02 
3.830000e+00  0.000000e+00 0.000000e+00  3.024000e-01  9.824968e-03 9.824968e-03 
4.225000e+00  0.000000e+00 0.000000e+00  2.588000e-01  7.922752e-03 7.922752e-03 
4.655000e+00  0.000000e+00 0.000000e+00  2.170000e-01  6.319810e-03 6.319810e-03 
5.125000e+00  0.000000e+00 0.000000e+00  1.814000e-01  5.015974e-03 5.015974e-03 
5.635000e+00  0.000000e+00 0.000000e+00  1.494000e-01  4.011234e-03 4.011234e-03 
6.185000e+00  0.000000e+00 0.000000e+00  1.222000e-01  3.214032e-03 3.214032e-03 
6.780000e+00  0.000000e+00 0.000000e+00  9.973000e-02  2.560352e-03 2.560352e-03 
7.425000e+00  0.000000e+00 0.000000e+00  8.024000e-02  2.028004e-03 2.028004e-03 
8.120000e+00  0.000000e+00 0.000000e+00  6.488000e-02  1.616972e-03 1.616972e-03 
8.870000e+00  0.000000e+00 0.000000e+00  5.248000e-02  1.296534e-03 1.296534e-03 
9.680000e+00  0.000000e+00 0.000000e+00  4.199000e-02  1.035857e-03 1.035857e-03 
1.055000e+01  0.000000e+00 0.000000e+00  3.389000e-02  8.249242e-04 8.249242e-04 
1.150000e+01  0.000000e+00 0.000000e+00  2.701000e-02  6.537584e-04 6.537584e-04 
1.250000e+01  0.000000e+00 0.000000e+00  2.162000e-02  5.246904e-04 5.246904e-04 
1.355000e+01  0.000000e+00 0.000000e+00  1.731000e-02  4.242641e-04 4.242641e-04 
1.470000e+01  0.000000e+00 0.000000e+00  1.393000e-02  3.337664e-04 3.337664e-04 
1.595000e+01  0.000000e+00 0.000000e+00  1.113000e-02  2.729469e-04 2.729469e-04 
1.730000e+01  0.000000e+00 0.000000e+00  8.788000e-03  2.145530e-04 2.145530e-04 
1.875000e+01  0.000000e+00 0.000000e+00  7.075000e-03  1.722905e-04 1.722905e-04 
2.030000e+01  0.000000e+00 0.000000e+00  5.646000e-03  1.379311e-04 1.379311e-04 
2.195000e+01  0.000000e+00 0.000000e+00  4.486000e-03  1.106436e-04 1.106436e-04 
2.375000e+01  0.000000e+00 0.000000e+00  3.563000e-03  8.828363e-05 8.828363e-05 
2.570000e+01  0.000000e+00 0.000000e+00  2.841000e-03  7.021396e-05 7.021396e-05 
2.775000e+01  0.000000e+00 0.000000e+00  2.275000e-03  5.707013e-05 5.707013e-05 
2.995000e+01  0.000000e+00 0.000000e+00  1.802000e-03  4.491102e-05 4.491102e-05 
3.230000e+01  0.000000e+00 0.000000e+00  1.432000e-03  3.687818e-05 3.687818e-05 
3.480000e+01  0.000000e+00 0.000000e+00  1.159000e-03  2.961419e-05 2.961419e-05 
3.750000e+01  0.000000e+00 0.000000e+00  9.120000e-04  2.355122e-05 2.355122e-05 
4.040000e+01  0.000000e+00 0.000000e+00  7.194000e-04  1.889391e-05 1.889391e-05 
4.350000e+01  0.000000e+00 0.000000e+00  5.773000e-04  1.526106e-05 1.526106e-05 
4.680000e+01  0.000000e+00 0.000000e+00  4.701000e-04  1.262418e-05 1.262418e-05 
5.035000e+01  0.000000e+00 0.000000e+00  3.702000e-04  1.015332e-05 1.015332e-05 
5.415000e+01  0.000000e+00 0.000000e+00  2.990000e-04  8.348653e-06 8.348653e-06 
5.820000e+01  0.000000e+00 0.000000e+00  2.394000e-04  6.800735e-06 6.800735e-06 
6.255000e+01  0.000000e+00 0.000000e+00  1.910000e-04  5.478138e-06 5.478138e-06 
6.725000e+01  0.000000e+00 0.000000e+00  1.509000e-04  4.438468e-06 4.438468e-06 
7.230000e+01  0.000000e+00 0.000000e+00  1.212000e-04  3.624914e-06 3.624914e-06 
7.770000e+01  0.000000e+00 0.000000e+00  9.623000e-05  2.961419e-06 2.961419e-06 
8.350000e+01  0.000000e+00 0.000000e+00  7.739000e-05  2.437314e-06 2.437314e-06 
8.975000e+01  0.000000e+00 0.000000e+00  6.273000e-05  2.021806e-06 2.021806e-06 
9.650000e+01  0.000000e+00 0.000000e+00  4.879000e-05  1.629847e-06 1.629847e-06 
1.040000e+02  0.000000e+00 0.000000e+00  3.757000e-05  1.294952e-06 1.294952e-06 
1.120000e+02  0.000000e+00 0.000000e+00  3.068000e-05  1.101363e-06 1.101363e-06 
1.205000e+02  0.000000e+00 0.000000e+00  2.460000e-05  9.013878e-07 9.013878e-07 
1.300000e+02  0.000000e+00 0.000000e+00  1.874000e-05  7.184706e-07 7.184706e-07 
1.410000e+02  0.000000e+00 0.000000e+00  1.528000e-05  5.964059e-07 5.964059e-07 
1.535000e+02  0.000000e+00 0.000000e+00  1.158000e-05  4.720169e-07 4.720169e-07 
1.675000e+02  0.000000e+00 0.000000e+00  9.010000e-06  3.806442e-07 3.806442e-07 
1.835000e+02  0.000000e+00 0.000000e+00  6.788000e-06  2.969209e-07 2.969209e-07 
2.015000e+02  0.000000e+00 0.000000e+00  5.026000e-06  2.338632e-07 2.338632e-07 
2.220000e+02  0.000000e+00 0.000000e+00  3.845000e-06  1.876832e-07 1.876832e-07 
2.460000e+02  0.000000e+00 0.000000e+00  2.799000e-06  1.443607e-07 1.443607e-07 
2.750000e+02  0.000000e+00 0.000000e+00  2.001000e-06  1.111261e-07 1.111261e-07 
3.105000e+02  0.000000e+00 0.000000e+00  1.352000e-06  7.920859e-08 7.920859e-08 
3.545000e+02  0.000000e+00 0.000000e+00  9.053000e-07  5.798896e-08 5.798896e-08 
4.100000e+02  0.000000e+00 0.000000e+00  6.365000e-07  4.335262e-08 4.335262e-08 
4.830000e+02  0.000000e+00 0.000000e+00  3.879000e-07  2.928276e-08 2.928276e-08 
5.925000e+02  0.000000e+00 0.000000e+00  2.036000e-07  1.720727e-08 1.720727e-08 
7.700000e+02  0.000000e+00 0.000000e+00  1.043000e-07  1.046375e-08 1.046375e-08 
1.090000e+03  0.000000e+00 0.000000e+00  4.361000e-08  5.483229e-09 5.483229e-09 
2.300000e+03  0.000000e+00 0.000000e+00  5.500000e-09  1.272635e-09 1.272635e-09 
