# Data from SSDC cosmic rays database www.ssdc.asi.it 
# File generated today 20220826 
# Errors may contain statistic and systematic depending on the options set when drawing the graph 
# Fluxes are multiplied by a power of Energy (or Rigidity) if the option is set when drawing the graph 
# Horizontal errors usually are not uncertanties of the measurement but correspond to binning. See publication. 
#
# GraphTitle: N AMS-02 Physics Reports (2021); 2011-05-19 00:00:00.0,2018-05-28 00:00:00.0; 
# XLabel: rigidity (GV) 
# YLabel: flux ((m^{2} s sr GV)^{-1}) 
#
# Columns: X, XErrorLow, XErrorHigh, Y, YErrorLow, YErrorHigh 
2.275000e+00  0.000000e+00 0.000000e+00  4.396000e-01  1.538343e-02 1.538343e-02 
2.535000e+00  0.000000e+00 0.000000e+00  4.185000e-01  1.397033e-02 1.397033e-02 
2.820000e+00  0.000000e+00 0.000000e+00  3.832000e-01  1.245793e-02 1.245793e-02 
3.130000e+00  0.000000e+00 0.000000e+00  3.422000e-01  1.094578e-02 1.094578e-02 
3.465000e+00  0.000000e+00 0.000000e+00  3.028000e-01  9.633276e-03 9.633276e-03 
3.830000e+00  0.000000e+00 0.000000e+00  2.604000e-01  8.229824e-03 8.229824e-03 
4.225000e+00  0.000000e+00 0.000000e+00  2.229000e-01  7.025667e-03 7.025667e-03 
4.655000e+00  0.000000e+00 0.000000e+00  1.884000e-01  5.921149e-03 5.921149e-03 
5.125000e+00  0.000000e+00 0.000000e+00  1.568000e-01  4.916299e-03 4.916299e-03 
5.635000e+00  0.000000e+00 0.000000e+00  1.307000e-01  4.110961e-03 4.110961e-03 
6.185000e+00  0.000000e+00 0.000000e+00  1.075000e-01  3.413210e-03 3.413210e-03 
6.780000e+00  0.000000e+00 0.000000e+00  8.833000e-02  2.768754e-03 2.768754e-03 
7.425000e+00  0.000000e+00 0.000000e+00  7.177000e-02  2.257189e-03 2.257189e-03 
8.120000e+00  0.000000e+00 0.000000e+00  5.836000e-02  1.836137e-03 1.836137e-03 
8.870000e+00  0.000000e+00 0.000000e+00  4.736000e-02  1.494824e-03 1.494824e-03 
9.680000e+00  0.000000e+00 0.000000e+00  3.839000e-02  1.214125e-03 1.214125e-03 
1.055000e+01  0.000000e+00 0.000000e+00  3.105000e-02  9.841240e-04 9.841240e-04 
1.150000e+01  0.000000e+00 0.000000e+00  2.513000e-02  7.930952e-04 7.930952e-04 
1.250000e+01  0.000000e+00 0.000000e+00  2.019000e-02  6.438167e-04 6.438167e-04 
1.355000e+01  0.000000e+00 0.000000e+00  1.651000e-02  5.234501e-04 5.234501e-04 
1.470000e+01  0.000000e+00 0.000000e+00  1.335000e-02  4.229657e-04 4.229657e-04 
1.595000e+01  0.000000e+00 0.000000e+00  1.083000e-02  3.423449e-04 3.423449e-04 
1.730000e+01  0.000000e+00 0.000000e+00  8.774000e-03  2.810640e-04 2.810640e-04 
1.875000e+01  0.000000e+00 0.000000e+00  7.010000e-03  2.257432e-04 2.257432e-04 
2.030000e+01  0.000000e+00 0.000000e+00  5.714000e-03  1.845671e-04 1.845671e-04 
2.195000e+01  0.000000e+00 0.000000e+00  4.618000e-03  1.493452e-04 1.493452e-04 
2.375000e+01  0.000000e+00 0.000000e+00  3.694000e-03  1.200708e-04 1.200708e-04 
2.570000e+01  0.000000e+00 0.000000e+00  2.955000e-03  9.588535e-05 9.588535e-05 
2.775000e+01  0.000000e+00 0.000000e+00  2.392000e-03  7.778175e-05 7.778175e-05 
2.995000e+01  0.000000e+00 0.000000e+00  1.950000e-03  6.378871e-05 6.378871e-05 
3.230000e+01  0.000000e+00 0.000000e+00  1.558000e-03  5.162364e-05 5.162364e-05 
3.480000e+01  0.000000e+00 0.000000e+00  1.272000e-03  4.257934e-05 4.257934e-05 
3.750000e+01  0.000000e+00 0.000000e+00  1.030000e-03  3.452535e-05 3.452535e-05 
4.040000e+01  0.000000e+00 0.000000e+00  8.277000e-04  2.780971e-05 2.780971e-05 
4.350000e+01  0.000000e+00 0.000000e+00  6.791000e-04  2.296541e-05 2.296541e-05 
4.680000e+01  0.000000e+00 0.000000e+00  5.445000e-04  1.853672e-05 1.853672e-05 
5.035000e+01  0.000000e+00 0.000000e+00  4.451000e-04  1.530555e-05 1.530555e-05 
5.415000e+01  0.000000e+00 0.000000e+00  3.500000e-04  1.217539e-05 1.217539e-05 
5.820000e+01  0.000000e+00 0.000000e+00  2.866000e-04  1.004241e-05 1.004241e-05 
6.255000e+01  0.000000e+00 0.000000e+00  2.353000e-04  8.324062e-06 8.324062e-06 
6.725000e+01  0.000000e+00 0.000000e+00  1.878000e-04  6.705222e-06 6.705222e-06 
7.230000e+01  0.000000e+00 0.000000e+00  1.504000e-04  5.470832e-06 5.470832e-06 
7.770000e+01  0.000000e+00 0.000000e+00  1.245000e-04  4.554119e-06 4.554119e-06 
8.350000e+01  0.000000e+00 0.000000e+00  1.008000e-04  3.733631e-06 3.733631e-06 
8.975000e+01  0.000000e+00 0.000000e+00  8.229000e-05  3.090113e-06 3.090113e-06 
9.650000e+01  0.000000e+00 0.000000e+00  6.684000e-05  2.551568e-06 2.551568e-06 
1.040000e+02  0.000000e+00 0.000000e+00  5.259000e-05  2.028719e-06 2.028719e-06 
1.120000e+02  0.000000e+00 0.000000e+00  4.182000e-05  1.663851e-06 1.663851e-06 
1.205000e+02  0.000000e+00 0.000000e+00  3.480000e-05  1.395314e-06 1.395314e-06 
1.300000e+02  0.000000e+00 0.000000e+00  2.674000e-05  1.095901e-06 1.095901e-06 
1.410000e+02  0.000000e+00 0.000000e+00  2.110000e-05  8.770975e-07 8.770975e-07 
1.535000e+02  0.000000e+00 0.000000e+00  1.742000e-05  7.343024e-07 7.343024e-07 
1.675000e+02  0.000000e+00 0.000000e+00  1.307000e-05  5.693856e-07 5.693856e-07 
1.835000e+02  0.000000e+00 0.000000e+00  1.021000e-05  4.579301e-07 4.579301e-07 
2.015000e+02  0.000000e+00 0.000000e+00  7.442000e-06  3.486345e-07 3.486345e-07 
2.220000e+02  0.000000e+00 0.000000e+00  6.127000e-06  2.896015e-07 2.896015e-07 
2.460000e+02  0.000000e+00 0.000000e+00  4.576000e-06  2.234323e-07 2.234323e-07 
2.750000e+02  0.000000e+00 0.000000e+00  3.256000e-06  1.642011e-07 1.642011e-07 
3.105000e+02  0.000000e+00 0.000000e+00  2.398000e-06  1.254193e-07 1.254193e-07 
3.545000e+02  0.000000e+00 0.000000e+00  1.735000e-06  9.464143e-08 9.464143e-08 
4.100000e+02  0.000000e+00 0.000000e+00  1.103000e-06  6.466065e-08 6.466065e-08 
4.830000e+02  0.000000e+00 0.000000e+00  6.883000e-07  4.319086e-08 4.319086e-08 
5.925000e+02  0.000000e+00 0.000000e+00  3.925000e-07  2.650453e-08 2.650453e-08 
7.700000e+02  0.000000e+00 0.000000e+00  1.924000e-07  1.480540e-08 1.480540e-08 
1.090000e+03  0.000000e+00 0.000000e+00  8.520000e-08  7.786822e-09 7.786822e-09 
2.300000e+03  0.000000e+00 0.000000e+00  1.773000e-08  2.485015e-09 2.485015e-09 
