# Data from SSDC cosmic rays database www.ssdc.asi.it 
# File generated today 20210611 
# Errors may contain statistic and systematic depending on the options set when drawing the graph 
# Fluxes are multiplied by a power of Energy (or Rigidity) if the option is set when drawing the graph 
# Horizontal errors usually are not uncertanties of the measurement but correspond to binning. See publication. 
#
# GraphTitle: p AMS-02 Physics Reports (2021); 2011-05-19 00:00:00.0,2018-05-28 00:00:00.0; 
# XLabel: rigidity (GV) 
# YLabel: flux ((m^{2} s sr GV)^{-1}) 
#
# Columns: X, XErrorLow, XErrorHigh, Y, YErrorLow, YErrorHigh 
1.080000e+00  0.000000e+00 0.000000e+00  8.247000e+02  1.250640e+01 1.250640e+01 
1.245000e+00  0.000000e+00 0.000000e+00  7.986000e+02  1.050428e+01 1.050428e+01 
1.420000e+00  0.000000e+00 0.000000e+00  7.601000e+02  9.002222e+00 9.002222e+00 
1.610000e+00  0.000000e+00 0.000000e+00  7.055000e+02  8.002500e+00 8.002500e+00 
1.815000e+00  0.000000e+00 0.000000e+00  6.398000e+02  7.100704e+00 7.100704e+00 
2.035000e+00  0.000000e+00 0.000000e+00  5.672000e+02  6.200806e+00 6.200806e+00 
2.275000e+00  0.000000e+00 0.000000e+00  4.933000e+02  5.400926e+00 5.400926e+00 
2.535000e+00  0.000000e+00 0.000000e+00  4.248000e+02  4.601087e+00 4.601087e+00 
2.820000e+00  0.000000e+00 0.000000e+00  3.619000e+02  4.001250e+00 4.001250e+00 
3.130000e+00  0.000000e+00 0.000000e+00  3.062000e+02  3.301515e+00 3.301515e+00 
3.465000e+00  0.000000e+00 0.000000e+00  2.571000e+02  2.800000e+00 2.800000e+00 
3.830000e+00  0.000000e+00 0.000000e+00  2.145000e+02  2.300000e+00 2.300000e+00 
4.225000e+00  0.000000e+00 0.000000e+00  1.779000e+02  1.900000e+00 1.900000e+00 
4.655000e+00  0.000000e+00 0.000000e+00  1.465000e+02  1.600000e+00 1.600000e+00 
5.125000e+00  0.000000e+00 0.000000e+00  1.197000e+02  1.300000e+00 1.300000e+00 
5.635000e+00  0.000000e+00 0.000000e+00  9.729000e+01  1.040192e+00 1.040192e+00 
6.185000e+00  0.000000e+00 0.000000e+00  7.883000e+01  8.400595e-01 8.400595e-01 
6.780000e+00  0.000000e+00 0.000000e+00  6.371000e+01  6.700746e-01 6.700746e-01 
7.425000e+00  0.000000e+00 0.000000e+00  5.138000e+01  5.400926e-01 5.400926e-01 
8.120000e+00  0.000000e+00 0.000000e+00  4.139000e+01  4.301163e-01 4.301163e-01 
8.870000e+00  0.000000e+00 0.000000e+00  3.331000e+01  3.401470e-01 3.401470e-01 
9.680000e+00  0.000000e+00 0.000000e+00  2.679000e+01  2.700000e-01 2.700000e-01 
1.055000e+01  0.000000e+00 0.000000e+00  2.155000e+01  2.100000e-01 2.100000e-01 
1.150000e+01  0.000000e+00 0.000000e+00  1.731000e+01  1.700000e-01 1.700000e-01 
1.250000e+01  0.000000e+00 0.000000e+00  1.395000e+01  1.400000e-01 1.400000e-01 
1.355000e+01  0.000000e+00 0.000000e+00  1.132000e+01  1.100000e-01 1.100000e-01 
1.470000e+01  0.000000e+00 0.000000e+00  9.141000e+00  8.602325e-02 8.602325e-02 
1.595000e+01  0.000000e+00 0.000000e+00  7.363000e+00  6.802941e-02 6.802941e-02 
1.730000e+01  0.000000e+00 0.000000e+00  5.929000e+00  5.400926e-02 5.400926e-02 
1.875000e+01  0.000000e+00 0.000000e+00  4.774000e+00  4.201190e-02 4.201190e-02 
2.030000e+01  0.000000e+00 0.000000e+00  3.850000e+00  3.401470e-02 3.401470e-02 
2.195000e+01  0.000000e+00 0.000000e+00  3.110000e+00  2.801785e-02 2.801785e-02 
2.375000e+01  0.000000e+00 0.000000e+00  2.506000e+00  2.302173e-02 2.302173e-02 
2.570000e+01  0.000000e+00 0.000000e+00  2.013000e+00  1.802776e-02 1.802776e-02 
2.775000e+01  0.000000e+00 0.000000e+00  1.628000e+00  1.500000e-02 1.500000e-02 
2.995000e+01  0.000000e+00 0.000000e+00  1.316000e+00  1.200000e-02 1.200000e-02 
3.230000e+01  0.000000e+00 0.000000e+00  1.066000e+00  1.000000e-02 1.000000e-02 
3.480000e+01  0.000000e+00 0.000000e+00  8.649000e-01  8.205486e-03 8.205486e-03 
3.750000e+01  0.000000e+00 0.000000e+00  7.018000e-01  6.806614e-03 6.806614e-03 
4.040000e+01  0.000000e+00 0.000000e+00  5.702000e-01  5.603570e-03 5.603570e-03 
4.350000e+01  0.000000e+00 0.000000e+00  4.637000e-01  4.604346e-03 4.604346e-03 
4.680000e+01  0.000000e+00 0.000000e+00  3.775000e-01  3.805260e-03 3.805260e-03 
5.035000e+01  0.000000e+00 0.000000e+00  3.074000e-01  3.106445e-03 3.106445e-03 
5.415000e+01  0.000000e+00 0.000000e+00  2.508000e-01  2.601922e-03 2.601922e-03 
5.820000e+01  0.000000e+00 0.000000e+00  2.048000e-01  2.102380e-03 2.102380e-03 
6.255000e+01  0.000000e+00 0.000000e+00  1.674000e-01  1.802776e-03 1.802776e-03 
6.725000e+01  0.000000e+00 0.000000e+00  1.369000e-01  1.503330e-03 1.503330e-03 
7.230000e+01  0.000000e+00 0.000000e+00  1.116000e-01  1.204159e-03 1.204159e-03 
7.770000e+01  0.000000e+00 0.000000e+00  9.124000e-02  1.012423e-03 1.012423e-03 
8.350000e+01  0.000000e+00 0.000000e+00  7.445000e-02  8.421401e-04 8.421401e-04 
8.975000e+01  0.000000e+00 0.000000e+00  6.067000e-02  6.918092e-04 6.918092e-04 
9.650000e+01  0.000000e+00 0.000000e+00  4.951000e-02  5.821512e-04 5.821512e-04 
1.040000e+02  0.000000e+00 0.000000e+00  4.009000e-02  4.816638e-04 4.816638e-04 
1.120000e+02  0.000000e+00 0.000000e+00  3.253000e-02  3.911521e-04 3.911521e-04 
1.205000e+02  0.000000e+00 0.000000e+00  2.647000e-02  3.313608e-04 3.313608e-04 
1.300000e+02  0.000000e+00 0.000000e+00  2.137000e-02  2.716616e-04 2.716616e-04 
1.410000e+02  0.000000e+00 0.000000e+00  1.702000e-02  2.209072e-04 2.209072e-04 
1.535000e+02  0.000000e+00 0.000000e+00  1.341000e-02  1.811077e-04 1.811077e-04 
1.675000e+02  0.000000e+00 0.000000e+00  1.052000e-02  1.503330e-04 1.503330e-04 
1.835000e+02  0.000000e+00 0.000000e+00  8.166000e-03  1.186086e-04 1.186086e-04 
2.015000e+02  0.000000e+00 0.000000e+00  6.269000e-03  9.552487e-05 9.552487e-05 
2.220000e+02  0.000000e+00 0.000000e+00  4.790000e-03  7.641989e-05 7.641989e-05 
2.460000e+02  0.000000e+00 0.000000e+00  3.627000e-03  6.129437e-05 6.129437e-05 
2.750000e+02  0.000000e+00 0.000000e+00  2.674000e-03  4.825971e-05 4.825971e-05 
3.105000e+02  0.000000e+00 0.000000e+00  1.914000e-03  3.721559e-05 3.721559e-05 
3.545000e+02  0.000000e+00 0.000000e+00  1.343000e-03  2.816026e-05 2.816026e-05 
4.100000e+02  0.000000e+00 0.000000e+00  8.957000e-04  2.089593e-05 2.089593e-05 
4.830000e+02  0.000000e+00 0.000000e+00  5.752000e-04  1.496563e-05 1.496563e-05 
5.840000e+02  0.000000e+00 0.000000e+00  3.432000e-04  1.004042e-05 1.004042e-05 
7.325000e+02  0.000000e+00 0.000000e+00  1.905000e-04  6.328507e-06 6.328507e-06 
9.760000e+02  0.000000e+00 0.000000e+00  9.068000e-05  3.521960e-06 3.521960e-06 
1.465000e+03  0.000000e+00 0.000000e+00  3.260000e-05  1.604494e-06 1.604494e-06 
