# Data from SSDC cosmic rays database www.ssdc.asi.it 
# File generated today 20220726 
# Errors may contain statistic and systematic depending on the options set when drawing the graph 
# Fluxes are multiplied by a power of Energy (or Rigidity) if the option is set when drawing the graph 
# Horizontal errors usually are not uncertanties of the measurement but correspond to binning. See publication. 
#
# GraphTitle: He AMS-02 Physics Reports (2021); 2011-05-19 00:00:00.0,2018-05-28 00:00:00.0; 
# XLabel: rigidity (GV) 
# YLabel: flux ((m^{2} s sr GV)^{-1}) 
#
# Columns: X, XErrorLow, XErrorHigh, Y, YErrorLow, YErrorHigh 
2.035000e+00  0.000000e+00 0.000000e+00  6.947000e+01  1.580506e+00 1.580506e+00 
2.275000e+00  0.000000e+00 0.000000e+00  6.411000e+01  1.020784e+00 1.020784e+00 
2.535000e+00  0.000000e+00 0.000000e+00  5.751000e+01  8.105554e-01 8.105554e-01 
2.820000e+00  0.000000e+00 0.000000e+00  5.112000e+01  6.906519e-01 6.906519e-01 
3.130000e+00  0.000000e+00 0.000000e+00  4.490000e+01  6.003332e-01 6.003332e-01 
3.465000e+00  0.000000e+00 0.000000e+00  3.890000e+01  5.303772e-01 5.303772e-01 
3.830000e+00  0.000000e+00 0.000000e+00  3.329000e+01  4.604346e-01 4.604346e-01 
4.225000e+00  0.000000e+00 0.000000e+00  2.822000e+01  4.001250e-01 4.001250e-01 
4.655000e+00  0.000000e+00 0.000000e+00  2.368000e+01  3.301515e-01 3.301515e-01 
5.125000e+00  0.000000e+00 0.000000e+00  1.968000e+01  2.801785e-01 2.801785e-01 
5.635000e+00  0.000000e+00 0.000000e+00  1.624000e+01  2.302173e-01 2.302173e-01 
6.185000e+00  0.000000e+00 0.000000e+00  1.334000e+01  1.902630e-01 1.902630e-01 
6.780000e+00  0.000000e+00 0.000000e+00  1.092000e+01  1.500000e-01 1.500000e-01 
7.425000e+00  0.000000e+00 0.000000e+00  8.920000e+00  1.210661e-01 1.210661e-01 
8.120000e+00  0.000000e+00 0.000000e+00  7.278000e+00  9.704638e-02 9.704638e-02 
8.870000e+00  0.000000e+00 0.000000e+00  5.927000e+00  7.905694e-02 7.905694e-02 
9.680000e+00  0.000000e+00 0.000000e+00  4.828000e+00  6.403124e-02 6.403124e-02 
1.055000e+01  0.000000e+00 0.000000e+00  3.927000e+00  5.103920e-02 5.103920e-02 
1.150000e+01  0.000000e+00 0.000000e+00  3.186000e+00  4.204759e-02 4.204759e-02 
1.250000e+01  0.000000e+00 0.000000e+00  2.597000e+00  3.401470e-02 3.401470e-02 
1.355000e+01  0.000000e+00 0.000000e+00  2.122000e+00  2.801785e-02 2.801785e-02 
1.470000e+01  0.000000e+00 0.000000e+00  1.730000e+00  2.302173e-02 2.302173e-02 
1.595000e+01  0.000000e+00 0.000000e+00  1.406000e+00  1.802776e-02 1.802776e-02 
1.730000e+01  0.000000e+00 0.000000e+00  1.141000e+00  1.503330e-02 1.503330e-02 
1.875000e+01  0.000000e+00 0.000000e+00  9.268000e-01  1.221475e-02 1.221475e-02 
2.030000e+01  0.000000e+00 0.000000e+00  7.530000e-01  1.001249e-02 1.001249e-02 
2.195000e+01  0.000000e+00 0.000000e+00  6.131000e-01  8.109871e-03 8.109871e-03 
2.375000e+01  0.000000e+00 0.000000e+00  4.986000e-01  6.612110e-03 6.612110e-03 
2.570000e+01  0.000000e+00 0.000000e+00  4.049000e-01  5.408327e-03 5.408327e-03 
2.775000e+01  0.000000e+00 0.000000e+00  3.302000e-01  4.410215e-03 4.410215e-03 
2.995000e+01  0.000000e+00 0.000000e+00  2.694000e-01  3.605551e-03 3.605551e-03 
3.230000e+01  0.000000e+00 0.000000e+00  2.201000e-01  3.006659e-03 3.006659e-03 
3.480000e+01  0.000000e+00 0.000000e+00  1.802000e-01  2.408319e-03 2.408319e-03 
3.750000e+01  0.000000e+00 0.000000e+00  1.475000e-01  2.002498e-03 2.002498e-03 
4.040000e+01  0.000000e+00 0.000000e+00  1.203000e-01  1.603122e-03 1.603122e-03 
4.350000e+01  0.000000e+00 0.000000e+00  9.861000e-02  1.354474e-03 1.354474e-03 
4.680000e+01  0.000000e+00 0.000000e+00  8.092000e-02  1.113643e-03 1.113643e-03 
5.035000e+01  0.000000e+00 0.000000e+00  6.627000e-02  9.135097e-04 9.135097e-04 
5.415000e+01  0.000000e+00 0.000000e+00  5.446000e-02  7.532596e-04 7.532596e-04 
5.820000e+01  0.000000e+00 0.000000e+00  4.481000e-02  6.228965e-04 6.228965e-04 
6.255000e+01  0.000000e+00 0.000000e+00  3.685000e-02  5.124451e-04 5.124451e-04 
6.725000e+01  0.000000e+00 0.000000e+00  3.036000e-02  4.229657e-04 4.229657e-04 
7.230000e+01  0.000000e+00 0.000000e+00  2.496000e-02  3.522783e-04 3.522783e-04 
7.770000e+01  0.000000e+00 0.000000e+00  2.051000e-02  2.927456e-04 2.927456e-04 
8.350000e+01  0.000000e+00 0.000000e+00  1.681000e-02  2.418677e-04 2.418677e-04 
8.975000e+01  0.000000e+00 0.000000e+00  1.387000e-02  2.022375e-04 2.022375e-04 
9.650000e+01  0.000000e+00 0.000000e+00  1.140000e-02  1.612452e-04 1.612452e-04 
1.040000e+02  0.000000e+00 0.000000e+00  9.311000e-03  1.335066e-04 1.335066e-04 
1.120000e+02  0.000000e+00 0.000000e+00  7.597000e-03  1.094897e-04 1.094897e-04 
1.205000e+02  0.000000e+00 0.000000e+00  6.186000e-03  9.042677e-05 9.042677e-05 
1.300000e+02  0.000000e+00 0.000000e+00  5.029000e-03  7.414850e-05 7.414850e-05 
1.410000e+02  0.000000e+00 0.000000e+00  4.036000e-03  6.001666e-05 6.001666e-05 
1.535000e+02  0.000000e+00 0.000000e+00  3.187000e-03  4.785394e-05 4.785394e-05 
1.675000e+02  0.000000e+00 0.000000e+00  2.521000e-03  3.883298e-05 3.883298e-05 
1.835000e+02  0.000000e+00 0.000000e+00  1.972000e-03  3.059412e-05 3.059412e-05 
2.015000e+02  0.000000e+00 0.000000e+00  1.532000e-03  2.451530e-05 2.451530e-05 
2.220000e+02  0.000000e+00 0.000000e+00  1.170000e-03  1.941649e-05 1.941649e-05 
2.460000e+02  0.000000e+00 0.000000e+00  8.895000e-04  1.499066e-05 1.499066e-05 
2.750000e+02  0.000000e+00 0.000000e+00  6.552000e-04  1.140044e-05 1.140044e-05 
3.105000e+02  0.000000e+00 0.000000e+00  4.758000e-04  8.634813e-06 8.634813e-06 
3.545000e+02  0.000000e+00 0.000000e+00  3.339000e-04  6.476110e-06 6.476110e-06 
4.100000e+02  0.000000e+00 0.000000e+00  2.274000e-04  4.729693e-06 4.729693e-06 
4.830000e+02  0.000000e+00 0.000000e+00  1.473000e-04  3.298485e-06 3.298485e-06 
5.840000e+02  0.000000e+00 0.000000e+00  9.095000e-05  2.275610e-06 2.275610e-06 
7.325000e+02  0.000000e+00 0.000000e+00  4.983000e-05  1.441562e-06 1.441562e-06 
9.760000e+02  0.000000e+00 0.000000e+00  2.412000e-05  8.551023e-07 8.551023e-07 
1.465000e+03  0.000000e+00 0.000000e+00  8.831000e-06  4.368627e-07 4.368627e-07 
2.400000e+03  0.000000e+00 0.000000e+00  2.518000e-06  2.006913e-07 2.006913e-07 
