# Data from SSDC cosmic rays database www.ssdc.asi.it 
# File generated today 20210426 
# Errors may contain statistic and systematic depending on the options set when drawing the graph 
# Fluxes are multiplied by a power of Energy (or Rigidity) if the option is set when drawing the graph 
# Horizontal errors usually are not uncertanties of the measurement but correspond to binning. See publication. 
#
# GraphTitle: C AMS-02 Physics Reports (2021); 2011-05-19 00:00:00.0,2018-05-28 00:00:00.0; 
# XLabel: rigidity (GV) 
# YLabel: flux ((m^{2} s sr GV)^{-1}) 
#
# Columns: X, XErrorLow, XErrorHigh, Y, YErrorLow, YErrorHigh 
2.035000e+00  0.000000e+00 0.000000e+00  1.626000e+00  5.608030e-02 5.608030e-02 
2.275000e+00  0.000000e+00 0.000000e+00  1.613000e+00  4.709565e-02 4.709565e-02 
2.535000e+00  0.000000e+00 0.000000e+00  1.540000e+00  4.210701e-02 4.210701e-02 
2.820000e+00  0.000000e+00 0.000000e+00  1.404000e+00  3.705401e-02 3.705401e-02 
3.130000e+00  0.000000e+00 0.000000e+00  1.238000e+00  3.106445e-02 3.106445e-02 
3.465000e+00  0.000000e+00 0.000000e+00  1.077000e+00  2.607681e-02 2.607681e-02 
3.830000e+00  0.000000e+00 0.000000e+00  9.241000e-01  2.233786e-02 2.233786e-02 
4.225000e+00  0.000000e+00 0.000000e+00  7.897000e-01  1.883215e-02 1.883215e-02 
4.655000e+00  0.000000e+00 0.000000e+00  6.703000e-01  1.572578e-02 1.572578e-02 
5.125000e+00  0.000000e+00 0.000000e+00  5.653000e-01  1.321855e-02 1.321855e-02 
5.635000e+00  0.000000e+00 0.000000e+00  4.716000e-01  1.091650e-02 1.091650e-02 
6.185000e+00  0.000000e+00 0.000000e+00  3.931000e-01  9.113726e-03 9.113726e-03 
6.780000e+00  0.000000e+00 0.000000e+00  3.249000e-01  7.510659e-03 7.510659e-03 
7.425000e+00  0.000000e+00 0.000000e+00  2.670000e-01  6.107373e-03 6.107373e-03 
8.120000e+00  0.000000e+00 0.000000e+00  2.195000e-01  5.008992e-03 5.008992e-03 
8.870000e+00  0.000000e+00 0.000000e+00  1.795000e-01  4.104875e-03 4.104875e-03 
9.680000e+00  0.000000e+00 0.000000e+00  1.462000e-01  3.405877e-03 3.405877e-03 
1.055000e+01  0.000000e+00 0.000000e+00  1.193000e-01  2.707397e-03 2.707397e-03 
1.150000e+01  0.000000e+00 0.000000e+00  9.699000e-02  2.234390e-03 2.234390e-03 
1.250000e+01  0.000000e+00 0.000000e+00  7.906000e-02  1.824637e-03 1.824637e-03 
1.355000e+01  0.000000e+00 0.000000e+00  6.496000e-02  1.494055e-03 1.494055e-03 
1.470000e+01  0.000000e+00 0.000000e+00  5.303000e-02  1.223315e-03 1.223315e-03 
1.595000e+01  0.000000e+00 0.000000e+00  4.321000e-02  1.003195e-03 1.003195e-03 
1.730000e+01  0.000000e+00 0.000000e+00  3.521000e-02  8.130191e-04 8.130191e-04 
1.875000e+01  0.000000e+00 0.000000e+00  2.873000e-02  6.627217e-04 6.627217e-04 
2.030000e+01  0.000000e+00 0.000000e+00  2.351000e-02  5.522681e-04 5.522681e-04 
2.195000e+01  0.000000e+00 0.000000e+00  1.920000e-02  4.517743e-04 4.517743e-04 
2.375000e+01  0.000000e+00 0.000000e+00  1.566000e-02  3.712142e-04 3.712142e-04 
2.570000e+01  0.000000e+00 0.000000e+00  1.276000e-02  3.014963e-04 3.014963e-04 
2.775000e+01  0.000000e+00 0.000000e+00  1.043000e-02  2.408319e-04 2.408319e-04 
2.995000e+01  0.000000e+00 0.000000e+00  8.499000e-03  2.009005e-04 2.009005e-04 
3.230000e+01  0.000000e+00 0.000000e+00  6.989000e-03  1.658734e-04 1.658734e-04 
3.480000e+01  0.000000e+00 0.000000e+00  5.741000e-03  1.368247e-04 1.368247e-04 
3.750000e+01  0.000000e+00 0.000000e+00  4.718000e-03  1.127519e-04 1.127519e-04 
4.040000e+01  0.000000e+00 0.000000e+00  3.865000e-03  9.265528e-05 9.265528e-05 
4.350000e+01  0.000000e+00 0.000000e+00  3.160000e-03  7.665507e-05 7.665507e-05 
4.680000e+01  0.000000e+00 0.000000e+00  2.603000e-03  6.350591e-05 6.350591e-05 
5.035000e+01  0.000000e+00 0.000000e+00  2.154000e-03  5.246904e-05 5.246904e-05 
5.415000e+01  0.000000e+00 0.000000e+00  1.768000e-03  4.356604e-05 4.356604e-05 
5.820000e+01  0.000000e+00 0.000000e+00  1.459000e-03  3.551056e-05 3.551056e-05 
6.255000e+01  0.000000e+00 0.000000e+00  1.186000e-03  2.942788e-05 2.942788e-05 
6.725000e+01  0.000000e+00 0.000000e+00  9.799000e-04  2.438217e-05 2.438217e-05 
7.230000e+01  0.000000e+00 0.000000e+00  8.036000e-04  2.016135e-05 2.016135e-05 
7.770000e+01  0.000000e+00 0.000000e+00  6.630000e-04  1.672872e-05 1.672872e-05 
8.350000e+01  0.000000e+00 0.000000e+00  5.392000e-04  1.371022e-05 1.371022e-05 
8.975000e+01  0.000000e+00 0.000000e+00  4.475000e-04  1.137805e-05 1.137805e-05 
9.650000e+01  0.000000e+00 0.000000e+00  3.611000e-04  9.264988e-06 9.264988e-06 
1.040000e+02  0.000000e+00 0.000000e+00  2.990000e-04  7.736924e-06 7.736924e-06 
1.120000e+02  0.000000e+00 0.000000e+00  2.429000e-04  6.332456e-06 6.332456e-06 
1.205000e+02  0.000000e+00 0.000000e+00  1.992000e-04  5.192302e-06 5.192302e-06 
1.300000e+02  0.000000e+00 0.000000e+00  1.616000e-04  4.272002e-06 4.272002e-06 
1.410000e+02  0.000000e+00 0.000000e+00  1.299000e-04  3.448188e-06 3.448188e-06 
1.535000e+02  0.000000e+00 0.000000e+00  1.009000e-04  2.720294e-06 2.720294e-06 
1.675000e+02  0.000000e+00 0.000000e+00  7.979000e-05  2.166218e-06 2.166218e-06 
1.835000e+02  0.000000e+00 0.000000e+00  6.208000e-05  1.701881e-06 1.701881e-06 
2.015000e+02  0.000000e+00 0.000000e+00  4.918000e-05  1.370584e-06 1.370584e-06 
2.220000e+02  0.000000e+00 0.000000e+00  3.707000e-05  1.054751e-06 1.054751e-06 
2.460000e+02  0.000000e+00 0.000000e+00  2.892000e-05  8.338465e-07 8.338465e-07 
2.750000e+02  0.000000e+00 0.000000e+00  2.159000e-05  6.407808e-07 6.407808e-07 
3.105000e+02  0.000000e+00 0.000000e+00  1.535000e-05  4.701064e-07 4.701064e-07 
3.545000e+02  0.000000e+00 0.000000e+00  1.094000e-05  3.492850e-07 3.492850e-07 
4.100000e+02  0.000000e+00 0.000000e+00  7.205000e-06  2.474550e-07 2.474550e-07 
4.830000e+02  0.000000e+00 0.000000e+00  4.959000e-06  1.840924e-07 1.840924e-07 
5.840000e+02  0.000000e+00 0.000000e+00  2.982000e-06  1.246154e-07 1.246154e-07 
7.325000e+02  0.000000e+00 0.000000e+00  1.630000e-06  8.041144e-08 8.041144e-08 
9.760000e+02  0.000000e+00 0.000000e+00  7.825000e-07  4.778211e-08 4.778211e-08 
1.465000e+03  0.000000e+00 0.000000e+00  3.014000e-07  2.319181e-08 2.319181e-08 
2.400000e+03  0.000000e+00 0.000000e+00  8.423000e-08  9.516076e-09 9.516076e-09 
