# Data from SSDC cosmic rays database www.ssdc.asi.it 
# File generated today 20220826 
# Errors may contain statistic and systematic depending on the options set when drawing the graph 
# Fluxes are multiplied by a power of Energy (or Rigidity) if the option is set when drawing the graph 
# Horizontal errors usually are not uncertanties of the measurement but correspond to binning. See publication. 
#
# GraphTitle: O AMS-02 Physics Reports (2021); 2011-05-19 00:00:00.0,2018-05-28 00:00:00.0; 
# XLabel: rigidity (GV) 
# YLabel: flux ((m^{2} s sr GV)^{-1}) 
#
# Columns: X, XErrorLow, XErrorHigh, Y, YErrorLow, YErrorHigh 
2.275000e+00  0.000000e+00 0.000000e+00  1.588000e+00  5.408327e-02 5.408327e-02 
2.535000e+00  0.000000e+00 0.000000e+00  1.469000e+00  4.709565e-02 4.709565e-02 
2.820000e+00  0.000000e+00 0.000000e+00  1.330000e+00  4.004997e-02 4.004997e-02 
3.130000e+00  0.000000e+00 0.000000e+00  1.170000e+00  3.405877e-02 3.405877e-02 
3.465000e+00  0.000000e+00 0.000000e+00  1.012000e+00  2.906888e-02 2.906888e-02 
3.830000e+00  0.000000e+00 0.000000e+00  8.674000e-01  2.413504e-02 2.413504e-02 
4.225000e+00  0.000000e+00 0.000000e+00  7.370000e-01  2.022993e-02 2.022993e-02 
4.655000e+00  0.000000e+00 0.000000e+00  6.235000e-01  1.692395e-02 1.692395e-02 
5.125000e+00  0.000000e+00 0.000000e+00  5.260000e-01  1.421724e-02 1.421724e-02 
5.635000e+00  0.000000e+00 0.000000e+00  4.397000e-01  1.181524e-02 1.181524e-02 
6.185000e+00  0.000000e+00 0.000000e+00  3.660000e-01  9.812747e-03 9.812747e-03 
6.780000e+00  0.000000e+00 0.000000e+00  3.042000e-01  8.209750e-03 8.209750e-03 
7.425000e+00  0.000000e+00 0.000000e+00  2.510000e-01  6.706713e-03 6.706713e-03 
8.120000e+00  0.000000e+00 0.000000e+00  2.074000e-01  5.608030e-03 5.608030e-03 
8.870000e+00  0.000000e+00 0.000000e+00  1.708000e-01  4.604346e-03 4.604346e-03 
9.680000e+00  0.000000e+00 0.000000e+00  1.404000e-01  3.805260e-03 3.805260e-03 
1.055000e+01  0.000000e+00 0.000000e+00  1.148000e-01  3.106445e-03 3.106445e-03 
1.150000e+01  0.000000e+00 0.000000e+00  9.424000e-02  2.554408e-03 2.554408e-03 
1.250000e+01  0.000000e+00 0.000000e+00  7.750000e-02  2.104020e-03 2.104020e-03 
1.355000e+01  0.000000e+00 0.000000e+00  6.366000e-02  1.733494e-03 1.733494e-03 
1.470000e+01  0.000000e+00 0.000000e+00  5.204000e-02  1.412869e-03 1.412869e-03 
1.595000e+01  0.000000e+00 0.000000e+00  4.280000e-02  1.172732e-03 1.172732e-03 
1.730000e+01  0.000000e+00 0.000000e+00  3.498000e-02  9.525755e-04 9.525755e-04 
1.875000e+01  0.000000e+00 0.000000e+00  2.876000e-02  7.922752e-04 7.922752e-04 
2.030000e+01  0.000000e+00 0.000000e+00  2.359000e-02  6.519202e-04 6.519202e-04 
2.195000e+01  0.000000e+00 0.000000e+00  1.939000e-02  5.315073e-04 5.315073e-04 
2.375000e+01  0.000000e+00 0.000000e+00  1.586000e-02  4.410215e-04 4.410215e-04 
2.570000e+01  0.000000e+00 0.000000e+00  1.297000e-02  3.612478e-04 3.612478e-04 
2.775000e+01  0.000000e+00 0.000000e+00  1.064000e-02  2.906888e-04 2.906888e-04 
2.995000e+01  0.000000e+00 0.000000e+00  8.801000e-03  2.449020e-04 2.449020e-04 
3.230000e+01  0.000000e+00 0.000000e+00  7.256000e-03  2.028004e-04 2.028004e-04 
3.480000e+01  0.000000e+00 0.000000e+00  5.962000e-03  1.676723e-04 1.676723e-04 
3.750000e+01  0.000000e+00 0.000000e+00  4.933000e-03  1.387083e-04 1.387083e-04 
4.040000e+01  0.000000e+00 0.000000e+00  4.027000e-03  1.136354e-04 1.136354e-04 
4.350000e+01  0.000000e+00 0.000000e+00  3.336000e-03  9.453042e-05 9.453042e-05 
4.680000e+01  0.000000e+00 0.000000e+00  2.761000e-03  7.851751e-05 7.851751e-05 
5.035000e+01  0.000000e+00 0.000000e+00  2.280000e-03  6.549046e-05 6.549046e-05 
5.415000e+01  0.000000e+00 0.000000e+00  1.877000e-03  5.445181e-05 5.445181e-05 
5.820000e+01  0.000000e+00 0.000000e+00  1.538000e-03  4.440721e-05 4.440721e-05 
6.255000e+01  0.000000e+00 0.000000e+00  1.274000e-03  3.733631e-05 3.733631e-05 
6.725000e+01  0.000000e+00 0.000000e+00  1.045000e-03  3.041381e-05 3.041381e-05 
7.230000e+01  0.000000e+00 0.000000e+00  8.535000e-04  2.533397e-05 2.533397e-05 
7.770000e+01  0.000000e+00 0.000000e+00  7.059000e-04  2.110924e-05 2.110924e-05 
8.350000e+01  0.000000e+00 0.000000e+00  5.828000e-04  1.759346e-05 1.759346e-05 
8.975000e+01  0.000000e+00 0.000000e+00  4.780000e-04  1.455266e-05 1.455266e-05 
9.650000e+01  0.000000e+00 0.000000e+00  3.910000e-04  1.194362e-05 1.194362e-05 
1.040000e+02  0.000000e+00 0.000000e+00  3.214000e-04  9.904040e-06 9.904040e-06 
1.120000e+02  0.000000e+00 0.000000e+00  2.642000e-04  8.200000e-06 8.200000e-06 
1.205000e+02  0.000000e+00 0.000000e+00  2.174000e-04  6.888396e-06 6.888396e-06 
1.300000e+02  0.000000e+00 0.000000e+00  1.762000e-04  5.554278e-06 5.554278e-06 
1.410000e+02  0.000000e+00 0.000000e+00  1.415000e-04  4.535416e-06 4.535416e-06 
1.535000e+02  0.000000e+00 0.000000e+00  1.111000e-04  3.613862e-06 3.613862e-06 
1.675000e+02  0.000000e+00 0.000000e+00  8.817000e-05  2.913589e-06 2.913589e-06 
1.835000e+02  0.000000e+00 0.000000e+00  6.938000e-05  2.329635e-06 2.329635e-06 
2.015000e+02  0.000000e+00 0.000000e+00  5.436000e-05  1.860108e-06 1.860108e-06 
2.220000e+02  0.000000e+00 0.000000e+00  4.155000e-05  1.448447e-06 1.448447e-06 
2.460000e+02  0.000000e+00 0.000000e+00  3.142000e-05  1.116288e-06 1.116288e-06 
2.750000e+02  0.000000e+00 0.000000e+00  2.369000e-05  8.633076e-07 8.633076e-07 
3.105000e+02  0.000000e+00 0.000000e+00  1.701000e-05  6.451356e-07 6.451356e-07 
3.545000e+02  0.000000e+00 0.000000e+00  1.199000e-05  4.775982e-07 4.775982e-07 
4.100000e+02  0.000000e+00 0.000000e+00  8.082000e-06  3.372151e-07 3.372151e-07 
4.830000e+02  0.000000e+00 0.000000e+00  5.121000e-06  2.290546e-07 2.290546e-07 
5.840000e+02  0.000000e+00 0.000000e+00  3.175000e-06  1.568694e-07 1.568694e-07 
7.325000e+02  0.000000e+00 0.000000e+00  1.735000e-06  9.803061e-08 9.803061e-08 
9.760000e+02  0.000000e+00 0.000000e+00  8.722000e-07  5.909788e-08 5.909788e-08 
1.465000e+03  0.000000e+00 0.000000e+00  3.224000e-07  2.670674e-08 2.670674e-08 
2.400000e+03  0.000000e+00 0.000000e+00  8.982000e-08  1.053106e-08 1.053106e-08 
